0000000000000000000000000000000000000000000000000000000000000000000000000000000000000000000000
0000000000000000000000000000000000000000000000000000000000000000000000000000000000000000000000
0000000000000000000000000000000000000000000000000000000000000000000000000000000000000000000000
0000000000000000000000000000000000000000000000000000000000000000000000000000000000000000000000
0000000000000000000000000000000000000000000000000000000000000000000000000000000000000000000000
0000000000000000000000000000000000000000000000000000000000000000000000000000000000000000000000
0000000000000000000000000000000000000000000000000000000000000000000000000000000000000000000000
0000000000000000000001111100000000000111100000000000000000000000110000000000000111111110000000
0000000000000000000000000000000000000000000000000000000000000000000000000000000000011110000000
0000000000000000000000000000000000000000000000000000000000000000000000000000000000001100000000
0000000000000000000000000000000000000000000000000000000000000000000000000000000000000000000000
0000000000000000000000000000000000000000000000000000000000000000000000000000000000000000000000
0000000000000000001000000000000000000000000000000000000000000000000000000000000000000000000000
0000000000000000001000000000000000000000000001110000000000000000000000000000000000000000000000
0000000000000000001000000000000000000000000001100000000000000000000000000000000000000000000000
0000000000000000000000000000000000000000000000000000000010000000000000000000000000000000000000
0000000000000000000000000000000000000000000000000000000000000000000000000001000000000100000000
0000000000000000000000000000000000000000000000000000000000000000000000000000000000000100000000
0000000000000000000000000000000000000000000000000000000000000000000000000000000000000100000000
0000000000000000000000000000000000000000000000000000000000000000000000000000000000000100000000
0000000000000000000000000000000000000000000000000000000000000000000000000000000000000000000000
0000000000000000000000000000000000000000000000000000000000000000000000000000000000000000000000
0000000000000000000000000000000000000000000000000000000000000000000000011000000000000000000000
0000000000000000000000000000000000000000000000000000000000000000000000000000000000000000000000
0000000000000000000000000000000000000000000000000000000000000000000000000000000000000000000000
0000000000000000000000000000000000000000000000000000000000100000000000000000000000000000000000
0000000000000000000000000000000000000000000000000000000000000000000000000000000000000000000000
0000000000000000000000000000000000000000000000010000000000000000000000000000000000000000000000
0000000000000000000000000000000000000000000000010000000000000000000010000000000001000000000000
0000000000000000000000000000000000000000000000000000000000000000000010000000000000000000000000
0000000000000000000000000000000000000000000000000000000000000000000000000000000000000000000000
0000000000000000000000000000000000000000000000000000000000000000000000000000000000000000000000
0000000000000000000000000000000000000000000000000000000000000000000000000000000000000000000000
0000000000000000000000011100000000000000000000000000000000000000000000000000000000000000000000
0000000000000000000000111100000000000011111000000000000000000000111100000000000000000000000000
0000000000000000000000000000000000000000000000000000000000000000000000000000000100000000000000
0000000000000000000000000000000000000000000000000000000000000000000000000000000000000000000000
0000000000000000000000000000000000000000000000000000000000000000000000000000000000000000000000
0000000000000000000000000000000000000000000000000000000000000000000000000000000000000000000000
0000000000000000000000000000000000000000000000000000000000000000000000000000010000000000000000
0000000000000000000000000000000000000000000000000000000000000000000000000000010000000000000000
0000000000000000000000000000000000000000000000000000000000000000000000000000010000000000000000
0000000000000000000000000000000000000000000000000000000000000000000000000000000000000000000000
0000000000000000000000000000000000000000000000000000000000000000000000000000000000000000000000
0000000000000000000000000000000000000000000000000000000000000000000000000000000000000000000000
0000000000000000000000000000000000000000000000000000000000000000000000000000000000000000000000
0000000000000000000000000000000000000000000000000000000000000000000000000000000000000000000000
0000000000000000000000000000000000000110010000000000000000000000000000000001100000000000000000
0000000000000000000000011000001111001100001110111110000000000001111100000011000110000000000000
0000000000000000000000010110000000110000000110000000000000000001010010000000000110000000000000
0000000000000000000000000000000000000000000100000000100000000011110010000000000111000000000000
0000000000000000000000000011000000000000000010000000100000000010000011100000001111000000000000
0000000000000000000000000010000000000000000010000000100000000010000000000000000000000000000000
0000000000000000000000001110000000000000000000000000100000000000000000001100000000000000000000
0000000000000000000000000000000000000000000000000000000000000000000100000000000000000000000000
0000000000000000000000000000000000000000000000100000000000000000001100000000000001100000000000
0000000000000000000001100000000000000000000000100000000000000000001000000000000000110000000000
0000000000000000000000110000100000000000000000100000011000000000011000000001010000010000000000
0000000000000000000010010000000000000000000001000001000000000000010000001111000011011000000000
0000000000000000000010000001000000000000000001101111000000000001000000000000000110110000000000
0000000000000000000011100111000000000000000000000000010000001111000000000000001111100000000000
0000000000000000000000111000000000000000000000000001110000000000000000000000000000000000000000
0000000000000000000000001000000000000000000000000000000000000000000000000000000000000000000000
0000000000000000000000001000000000000000000000000000000000000000000000000000000000000000000000
0000000000000000000000000000000000000000000000000000000000000000000000000000000000000000000000
0000000000000000000000000000000000000000000000000000000000000000000000000000000000000000000000
0000000000000000000000000000000000000000000000000000000000000000000000000000000000000000000000
0000000000000000000000000000000000000000000000000000000000000000000000000000000000000000000000
0000000000000000000000000000000000000000000000000000000000000000000000000000000000000000000000
0000000000000000000000000000000000000000000000000000000000000000000000000000000000000000000000
0000000000000000000000000000000000000000000000000000000000000000000000000000000000000000000000
0000000000000000000000000000000000000000000000000000000000000000000000000000000000000000000000
0000000000000000000000000000000000000000000000000000000000000000000000000000000000000000000000
0000000000000000000000000000000000000000000000000000000000000000000000000000000000000000000000
0000000000000000000000000000000000000000000000000000000000000000000000000000000000000000000000
0000000000000000000000000000000000000000000000000000000000000000000000000000000000000000000000
0000000000000000000000000000000000000000000000000000000000000000000000000000000000000000000000
0000000000000000000000000000000000000000000000000000000000000000000000000000000000000000000000
0000000000000000000000000000000000000000000000000000000000000000000000000000000000000000000000
0000000000000000000000000000000000000000000000000000000000000000000000000000000000000000000000
0000000000000000000000000000000000000000000000000000000000000000000000000000000000000000000000
